ticker,date,close
NVRO,2022-02-10,$70.95
NVRO,2022-02-09,$71.20
NVRO,2022-02-08,$67.35
NVRO,2022-02-07,$64.83
NVRO,2022-02-04,$64.37
NVRO,2022-02-03,$61.44
NVRO,2022-02-02,$63.64
NVRO,2022-02-01,$65.97
NVRO,2022-01-31,$65.70
NVRO,2022-01-28,$61.74
NVRO,2022-01-27,$62.76
NVRO,2022-01-26,$66.63
NVRO,2022-01-25,$69.59
NVRO,2022-01-24,$71.50
NVRO,2022-01-21,$85.86
NVRO,2022-01-20,$86.87
NVRO,2022-01-19,$85.46
NVRO,2022-01-18,$87.52
NVRO,2022-01-14,$92.06
NVRO,2022-01-13,$90.72
NVRO,2022-01-12,$90.80
NVRO,2022-01-11,$91.12
NVRO,2022-01-10,$85.73
NVRO,2022-01-07,$79.02
NVRO,2022-01-06,$83.73
NVRO,2022-01-05,$86.75
NVRO,2022-01-04,$89.66
NVRO,2022-01-03,$85.27
NVRO,2021-12-31,$81.07
NVRO,2021-12-30,$82.07
NVRO,2021-12-29,$82.00
NVRO,2021-12-28,$84.33
NVRO,2021-12-27,$84.83
NVRO,2021-12-23,$86.05
NVRO,2021-12-22,$86.19
NVRO,2021-12-21,$85.20
NVRO,2021-12-20,$82.54
NVRO,2021-12-17,$85.81
NVRO,2021-12-16,$82.36
NVRO,2021-12-15,$82.13
NVRO,2021-12-14,$83.10
NVRO,2021-12-13,$84.54
NVRO,2021-12-10,$86.60
NVRO,2021-12-09,$89.52
NVRO,2021-12-08,$95.66
NVRO,2021-12-07,$95.53
NVRO,2021-12-06,$92.80
NVRO,2021-12-03,$87.30
NVRO,2021-12-02,$91.32
NVRO,2021-12-01,$87.61
NVRO,2022-02-10,$70.95
NVRO,2022-02-09,$71.20
NVRO,2022-02-08,$67.35
NVRO,2022-02-07,$64.83
NVRO,2022-02-04,$64.37
NVRO,2022-02-03,$61.44
NVRO,2022-02-02,$63.64
NVRO,2022-02-01,$65.97
NVRO,2022-01-31,$65.70
NVRO,2022-01-28,$61.74
NVRO,2022-01-27,$62.76
NVRO,2022-01-26,$66.63
NVRO,2022-01-25,$69.59
NVRO,2022-01-24,$71.50
NVRO,2022-01-21,$85.86
NVRO,2022-01-20,$86.87
NVRO,2022-01-19,$85.46
NVRO,2022-01-18,$87.52
NVRO,2022-01-14,$92.06
NVRO,2022-01-13,$90.72
NVRO,2022-01-12,$90.80
NVRO,2022-01-11,$91.12
NVRO,2022-01-10,$85.73
NVRO,2022-01-07,$79.02
NVRO,2022-01-06,$83.73
NVRO,2022-01-05,$86.75
NVRO,2022-01-04,$89.66
NVRO,2022-01-03,$85.27
NVRO,2021-12-31,$81.07
NVRO,2021-12-30,$82.07
NVRO,2021-12-29,$82.00
NVRO,2021-12-28,$84.33
NVRO,2021-12-27,$84.83
NVRO,2021-12-23,$86.05
NVRO,2021-12-22,$86.19
NVRO,2021-12-21,$85.20
NVRO,2021-12-20,$82.54
NVRO,2021-12-17,$85.81
NVRO,2021-12-16,$82.36
NVRO,2021-12-15,$82.13
NVRO,2021-12-14,$83.10
NVRO,2021-12-13,$84.54
NVRO,2021-12-10,$86.60
NVRO,2021-12-09,$89.52
NVRO,2021-12-08,$95.66
NVRO,2021-12-07,$95.53
NVRO,2021-12-06,$92.80
NVRO,2021-12-03,$87.30
NVRO,2021-12-02,$91.32
NVRO,2021-12-01,$87.61
NVRO,2021-11-30,$87.08
NVRO,2021-11-29,$86.29
NVRO,2021-11-26,$86.40
NVRO,2021-11-24,$92.59
NVRO,2021-11-23,$87.97
NVRO,2021-11-22,$84.90
NVRO,2021-11-19,$86.83
NVRO,2021-11-18,$88.28
NVRO,2021-11-17,$91.75
NVRO,2021-11-16,$95.51
NVRO,2021-11-15,$94.37
NVRO,2021-11-12,$97.24
NVRO,2021-11-11,$96.96
NVRO,2021-11-10,$101.42
NVRO,2021-11-09,$105.13
NVRO,2021-11-08,$108.94
NVRO,2021-11-05,$111.06
NVRO,2021-11-04,$109.74
NVRO,2021-11-03,$112.70
NVRO,2021-11-02,$113.43
NVRO,2021-11-01,$116.26
NVRO,2021-10-29,$113.74
NVRO,2021-10-28,$115.75
NVRO,2021-10-27,$116.32
NVRO,2021-10-26,$118.17
NVRO,2021-10-25,$119.67
NVRO,2021-10-22,$121.29
NVRO,2021-10-21,$120.27
NVRO,2021-10-20,$119.17
NVRO,2021-10-19,$117.47
NVRO,2021-10-18,$114.34
NVRO,2021-10-15,$116.67
NVRO,2021-10-14,$116.62
NVRO,2021-10-13,$115.38
NVRO,2021-10-12,$115.28
NVRO,2021-10-11,$113.60
NVRO,2021-10-08,$114.80
NVRO,2021-10-07,$117.12
NVRO,2021-10-06,$118.31
NVRO,2021-10-05,$119.05
NVRO,2021-10-04,$116.90
NVRO,2021-10-01,$120.04
NVRO,2021-09-30,$116.38
NVRO,2021-09-29,$116.97
NVRO,2021-09-28,$118.03
NVRO,2021-09-27,$121.57
NVRO,2021-09-24,$120.20
NVRO,2021-09-23,$121.96
NVRO,2021-09-22,$124.40
NVRO,2021-09-21,$123.78
NVRO,2021-09-20,$124.20
NVRO,2021-09-17,$126.63
NVRO,2021-09-16,$125.45
NVRO,2021-09-15,$123.03
NVRO,2021-09-14,$122.97
NVRO,2021-09-13,$121.17
NVRO,2021-09-10,$119.06
NVRO,2021-09-09,$123.87
NVRO,2021-09-08,$124.19
NVRO,2021-09-07,$125.20
NVRO,2021-09-03,$124.82
NVRO,2021-09-02,$125.01
NVRO,2021-09-01,$123.84
NVRO,2021-08-31,$122.00
NVRO,2021-08-30,$118.78
NVRO,2021-08-27,$119.06
NVRO,2021-08-26,$114.65
NVRO,2021-08-25,$114.29
NVRO,2021-08-24,$115.66
NVRO,2021-08-23,$110.49
NVRO,2021-08-20,$109.91
NVRO,2021-08-19,$108.81
NVRO,2021-08-18,$108.75
NVRO,2021-08-17,$110.37
NVRO,2021-08-16,$102.75
NVRO,2021-08-13,$101.99
NVRO,2021-08-12,$104.78
NVRO,2021-08-11,$106.40
NVRO,2021-08-10,$110.55
NVRO,2021-08-09,$118.68
NVRO,2021-08-06,$119.73
NVRO,2021-08-05,$115.07
NVRO,2021-08-04,$147.88
NVRO,2021-08-03,$151.19
NVRO,2021-08-02,$155.13
NVRO,2021-07-30,$155.00
NVRO,2021-07-29,$154.56
NVRO,2021-07-28,$154.96
NVRO,2021-07-27,$153.11
NVRO,2021-07-26,$153.02
NVRO,2021-07-23,$154.08
NVRO,2021-07-22,$154.14
NVRO,2021-07-21,$154.26
NVRO,2021-07-20,$151.44
NVRO,2021-07-19,$149.89
NVRO,2021-07-16,$144.17
NVRO,2021-07-15,$146.69
NVRO,2021-07-14,$147.00
NVRO,2021-07-13,$150.61
NVRO,2021-07-12,$152.54
NVRO,2021-07-09,$151.69
NVRO,2021-07-08,$153.01
NVRO,2021-07-07,$151.87
NVRO,2021-07-06,$155.79
NVRO,2021-07-02,$163.29
NVRO,2021-07-01,$166.36
NVRO,2021-06-30,$165.79
NVRO,2021-06-29,$165.55
NVRO,2021-06-28,$168.65
NVRO,2021-06-25,$178.59
NVRO,2021-06-24,$177.91
NVRO,2021-06-23,$179.06
NVRO,2021-06-22,$177.87
NVRO,2021-06-21,$162.91
NVRO,2021-06-18,$160.45
NVRO,2021-06-17,$160.33
NVRO,2021-06-16,$158.74
NVRO,2021-06-15,$158.49
NVRO,2021-06-14,$159.27
NVRO,2021-06-11,$158.18
NVRO,2021-06-10,$156.74
NVRO,2021-06-09,$153.50
NVRO,2021-06-08,$152.79
NVRO,2021-06-07,$151.74
NVRO,2021-06-04,$148.77
NVRO,2021-06-03,$146.74
NVRO,2021-06-02,$147.15
NVRO,2021-06-01,$149.85
NVRO,2021-05-28,$150.70
NVRO,2021-05-27,$152.62
NVRO,2021-05-26,$149.72
NVRO,2021-05-25,$149.83
NVRO,2021-05-24,$149.49
NVRO,2021-05-21,$148.37
NVRO,2021-05-20,$149.03
NVRO,2021-05-19,$144.27
NVRO,2021-05-18,$144.88
NVRO,2021-05-17,$144.19
NVRO,2021-05-14,$144.84
NVRO,2021-05-13,$145.44
NVRO,2021-05-12,$147.09
NVRO,2021-05-11,$150.99
NVRO,2021-05-10,$155.04
NVRO,2021-05-07,$156.22
NVRO,2021-05-06,$156.58
NVRO,2021-05-05,$161.39
NVRO,2021-05-04,$165.42
NVRO,2021-05-03,$169.82
NVRO,2021-04-30,$172.81
NVRO,2021-04-29,$173.76
NVRO,2021-04-28,$174.83
NVRO,2021-04-27,$171.51
NVRO,2021-04-26,$166.09
NVRO,2021-04-23,$165.70
NVRO,2021-04-22,$162.20
NVRO,2021-04-21,$161.06
NVRO,2021-04-20,$155.32
NVRO,2021-04-19,$148.35
NVRO,2021-04-16,$148.87
NVRO,2021-04-15,$152.14
NVRO,2021-04-14,$151.22
NVRO,2021-04-13,$146.13
NVRO,2021-04-12,$144.42
NVRO,2021-04-09,$147.08
NVRO,2021-04-08,$145.75
NVRO,2021-04-07,$141.60
NVRO,2021-04-06,$143.23
NVRO,2021-04-05,$144.39
NVRO,2021-04-01,$141.92
NVRO,2021-03-31,$139.50
NVRO,2021-03-30,$134.31
NVRO,2021-03-29,$132.81
NVRO,2021-03-26,$137.49
NVRO,2021-03-25,$140.34
NVRO,2021-03-24,$138.41
NVRO,2021-03-23,$142.13
NVRO,2021-03-22,$144.85
NVRO,2021-03-19,$142.81
NVRO,2021-03-18,$143.00
NVRO,2021-03-17,$150.50
NVRO,2021-03-16,$152.45
NVRO,2021-03-15,$153.56
NVRO,2021-03-12,$148.62
NVRO,2021-03-11,$148.77
NVRO,2021-03-10,$145.45
NVRO,2021-03-09,$145.81
NVRO,2021-03-08,$139.95
NVRO,2021-03-05,$151.12
NVRO,2021-03-04,$155.70
NVRO,2021-03-03,$162.21
NVRO,2021-03-02,$168.11
NVRO,2021-03-01,$169.75
NVRO,2021-02-26,$165.18
NVRO,2021-02-25,$167.14
NVRO,2021-02-24,$170.91
NVRO,2021-02-23,$165.91
NVRO,2021-02-22,$168.28
NVRO,2021-02-19,$174.20
NVRO,2021-02-18,$175.80
NVRO,2021-02-17,$176.44
NVRO,2021-02-16,$178.46
NVRO,2021-02-12,$182.18
NVRO,2021-02-11,$181.76
NVRO,2021-02-10,$181.85
NVRO,2021-02-09,$181.56
NVRO,2021-02-08,$179.24
NVRO,2021-02-05,$176.93
NVRO,2021-02-04,$173.99
NVRO,2021-02-03,$168.32
NVRO,2021-02-02,$168.63
NVRO,2021-02-01,$163.47
NVRO,2021-01-29,$161.79
NVRO,2021-01-28,$164.75
NVRO,2021-01-27,$169.30
NVRO,2021-01-26,$175.93
NVRO,2021-01-25,$176.32
NVRO,2021-01-22,$175.96
NVRO,2021-01-21,$180.42
NVRO,2021-01-20,$177.22
NVRO,2021-01-19,$177.69
NVRO,2021-01-15,$175.19
NVRO,2021-01-14,$176.12
NVRO,2021-01-13,$175.79
NVRO,2021-01-12,$165.00
NVRO,2021-01-11,$169.15
NVRO,2021-01-08,$171.01
NVRO,2021-01-07,$163.53
NVRO,2021-01-06,$168.10
NVRO,2021-01-05,$170.82
NVRO,2021-01-04,$171.54
NVRO,2020-12-31,$173.10
NVRO,2020-12-30,$175.55
NVRO,2020-12-29,$176.50
NVRO,2020-12-28,$178.37
NVRO,2020-12-24,$182.41
NVRO,2020-12-23,$184.34
NVRO,2020-12-22,$183.40
NVRO,2020-12-21,$180.08
NVRO,2020-12-18,$181.23
NVRO,2020-12-17,$177.59
NVRO,2020-12-16,$173.37
NVRO,2020-12-15,$170.26
NVRO,2020-12-14,$162.11
NVRO,2020-12-11,$162.90
NVRO,2020-12-10,$166.26
NVRO,2020-12-09,$161.99
NVRO,2020-12-08,$164.15
NVRO,2020-12-07,$162.49
NVRO,2020-12-04,$160.73
NVRO,2020-12-03,$156.59
NVRO,2020-12-02,$159.29
NVRO,2020-12-01,$161.57
NVRO,2020-11-30,$161.25
NVRO,2020-11-27,$171.03
NVRO,2020-11-25,$168.97
NVRO,2020-11-24,$169.87
NVRO,2020-11-23,$170.05
NVRO,2020-11-20,$171.26
NVRO,2020-11-19,$172.54
NVRO,2020-11-18,$172.02
NVRO,2020-11-17,$170.21
NVRO,2020-11-16,$169.51
NVRO,2020-11-13,$166.70
NVRO,2020-11-12,$166.45
NVRO,2020-11-11,$168.34
NVRO,2020-11-10,$169.57
NVRO,2020-11-09,$170.75
NVRO,2020-11-06,$160.13
NVRO,2020-11-05,$158.07
NVRO,2020-11-04,$154.77
NVRO,2020-11-03,$149.73
NVRO,2020-11-02,$145.90
NVRO,2020-10-30,$149.21
NVRO,2020-10-29,$149.30
NVRO,2020-10-28,$148.46
NVRO,2020-10-27,$154.71
NVRO,2020-10-26,$156.74
NVRO,2020-10-23,$161.89
NVRO,2020-10-22,$162.27
NVRO,2020-10-21,$156.00
NVRO,2020-10-20,$150.56
NVRO,2020-10-19,$151.51
NVRO,2020-10-16,$152.49
NVRO,2020-10-15,$152.71
NVRO,2020-10-14,$151.39
NVRO,2020-10-13,$152.25
NVRO,2020-10-12,$152.11
NVRO,2020-10-09,$150.07
NVRO,2020-10-08,$147.44
NVRO,2020-10-07,$144.80
NVRO,2020-10-06,$140.66
NVRO,2020-10-05,$141.91
NVRO,2020-10-02,$138.17
NVRO,2020-10-01,$139.14
NVRO,2020-09-30,$139.30
NVRO,2020-09-29,$138.72
NVRO,2020-09-28,$139.76
NVRO,2020-09-25,$140.10
NVRO,2020-09-24,$138.51
NVRO,2020-09-23,$141.17
NVRO,2020-09-22,$144.43
NVRO,2020-09-21,$140.00
NVRO,2020-09-18,$142.50
NVRO,2020-09-17,$144.33
NVRO,2020-09-16,$145.51
NVRO,2020-09-15,$144.55
NVRO,2020-09-14,$140.96
NVRO,2020-09-11,$136.71
NVRO,2020-09-10,$139.23
NVRO,2020-09-09,$138.42
NVRO,2020-09-08,$134.73
NVRO,2020-09-04,$136.93
NVRO,2020-09-03,$138.56
NVRO,2020-09-02,$143.37
NVRO,2020-09-01,$143.55
NVRO,2020-08-31,$137.54
NVRO,2020-08-28,$139.21
NVRO,2020-08-27,$139.43
NVRO,2020-08-26,$135.15
NVRO,2020-08-25,$137.62
NVRO,2020-08-24,$130.41
NVRO,2020-08-21,$132.07
NVRO,2020-08-20,$134.54
NVRO,2020-08-19,$134.27
NVRO,2020-08-18,$134.17
NVRO,2020-08-17,$134.97
NVRO,2020-08-14,$135.23
NVRO,2020-08-13,$138.16
NVRO,2020-08-12,$137.51
NVRO,2020-08-11,$130.68
NVRO,2020-08-10,$134.72
NVRO,2020-08-07,$141.06
NVRO,2020-08-06,$141.77
NVRO,2020-08-05,$137.29
NVRO,2020-08-04,$132.12
NVRO,2020-08-03,$136.11
NVRO,2020-07-31,$132.96
NVRO,2020-07-30,$132.49
NVRO,2020-07-29,$132.34
NVRO,2020-07-28,$128.29
NVRO,2020-07-27,$129.75
NVRO,2020-07-24,$129.76
NVRO,2020-07-23,$131.50
NVRO,2020-07-22,$133.88
NVRO,2020-07-21,$132.94
NVRO,2020-07-20,$130.54
NVRO,2020-07-17,$132.28
NVRO,2020-07-16,$123.80
NVRO,2020-07-15,$126.81
NVRO,2020-07-14,$118.97
NVRO,2020-07-13,$114.87
NVRO,2020-07-10,$114.09
NVRO,2020-07-09,$114.58
NVRO,2020-07-08,$116.50
NVRO,2020-07-07,$115.72
NVRO,2020-07-06,$117.55
NVRO,2020-07-02,$117.76
NVRO,2020-07-01,$117.70
NVRO,2020-06-30,$119.47
NVRO,2020-06-29,$118.10
NVRO,2020-06-26,$115.21
NVRO,2020-06-25,$119.62
NVRO,2020-06-24,$119.68
NVRO,2020-06-23,$127.05
NVRO,2020-06-22,$125.96
NVRO,2020-06-19,$127.64
NVRO,2020-06-18,$127.23
NVRO,2020-06-17,$123.98
NVRO,2020-06-16,$125.50
NVRO,2020-06-15,$124.46
NVRO,2020-06-12,$119.71
NVRO,2020-06-11,$118.00
NVRO,2020-06-10,$126.48
NVRO,2020-06-09,$125.60
NVRO,2020-06-08,$129.85
NVRO,2020-06-05,$126.91
NVRO,2020-06-04,$121.53
NVRO,2020-06-03,$127.51
NVRO,2020-06-02,$129.12
NVRO,2020-06-01,$126.49
NVRO,2020-05-29,$125.60
NVRO,2020-05-28,$126.45
NVRO,2020-05-27,$125.93
NVRO,2020-05-26,$126.68
NVRO,2020-05-22,$129.51
NVRO,2020-05-21,$127.16
NVRO,2020-05-20,$126.89
NVRO,2020-05-19,$122.31
NVRO,2020-05-18,$121.94
NVRO,2020-05-15,$117.66
NVRO,2020-05-14,$119.97
NVRO,2020-05-13,$118.13
NVRO,2020-05-12,$118.69
NVRO,2020-05-11,$124.08
NVRO,2020-05-08,$124.89
NVRO,2020-05-07,$125.05
NVRO,2020-05-06,$119.11
NVRO,2020-05-05,$118.49
NVRO,2020-05-04,$112.59
NVRO,2020-05-01,$111.48
NVRO,2020-04-30,$117.64
NVRO,2020-04-29,$120.29
NVRO,2020-04-28,$118.94
NVRO,2020-04-27,$119.39
NVRO,2020-04-24,$119.57
NVRO,2020-04-23,$114.67
NVRO,2020-04-22,$116.78
NVRO,2020-04-21,$114.97
NVRO,2020-04-20,$117.50
NVRO,2020-04-17,$117.71
NVRO,2020-04-16,$106.53
NVRO,2020-04-15,$107.64
NVRO,2020-04-14,$110.58
NVRO,2020-04-13,$103.76
NVRO,2020-04-09,$109.12
NVRO,2020-04-08,$108.29
NVRO,2020-04-07,$99.92
NVRO,2020-04-06,$102.51
NVRO,2020-04-03,$93.96
NVRO,2020-04-02,$95.27
NVRO,2020-04-01,$89.45
NVRO,2020-03-31,$99.98
NVRO,2020-03-30,$98.39
NVRO,2020-03-27,$90.00
NVRO,2020-03-26,$95.33
NVRO,2020-03-25,$91.30
NVRO,2020-03-24,$84.97
NVRO,2020-03-23,$70.23
NVRO,2020-03-20,$70.62
NVRO,2020-03-19,$80.30
NVRO,2020-03-18,$76.59
NVRO,2020-03-17,$84.24
NVRO,2020-03-16,$87.41
NVRO,2020-03-13,$100.67
NVRO,2020-03-12,$99.13
NVRO,2020-03-11,$109.82
NVRO,2020-03-10,$119.14
NVRO,2020-03-09,$119.53
NVRO,2020-03-06,$128.31
NVRO,2020-03-05,$133.47
NVRO,2020-03-04,$135.37
NVRO,2020-03-03,$129.27
NVRO,2020-03-02,$133.71
NVRO,2020-02-28,$130.15
NVRO,2020-02-27,$135.59
NVRO,2020-02-26,$139.00
NVRO,2020-02-25,$132.46
NVRO,2020-02-24,$135.49
NVRO,2020-02-21,$138.24
NVRO,2020-02-20,$139.87
NVRO,2020-02-19,$144.31
NVRO,2020-02-18,$142.59
NVRO,2020-02-14,$139.66
NVRO,2020-02-13,$139.40
NVRO,2020-02-12,$140.25
NVRO,2020-02-11,$139.42
NVRO,2020-02-10,$138.26
NVRO,2020-02-07,$137.34
NVRO,2020-02-06,$137.67
NVRO,2020-02-05,$139.25
NVRO,2020-02-04,$138.03
NVRO,2020-02-03,$134.68
NVRO,2020-01-31,$132.91
NVRO,2020-01-30,$136.14
NVRO,2020-01-29,$139.21
NVRO,2020-01-28,$135.68
NVRO,2020-01-27,$133.50
NVRO,2020-01-24,$124.85
NVRO,2020-01-23,$126.43
NVRO,2020-01-22,$124.71
NVRO,2020-01-21,$121.81
NVRO,2020-01-17,$121.00
NVRO,2020-01-16,$123.80
NVRO,2020-01-15,$118.27
NVRO,2020-01-14,$114.31
NVRO,2020-01-13,$116.01
NVRO,2020-01-10,$117.31
NVRO,2020-01-09,$118.01
NVRO,2020-01-08,$119.30
NVRO,2020-01-07,$119.26
NVRO,2020-01-06,$119.99
NVRO,2020-01-03,$118.04
NVRO,2020-01-02,$118.01
NVRO,2019-12-31,$117.54
NVRO,2019-12-30,$117.02
NVRO,2019-12-27,$116.09
NVRO,2019-12-26,$116.95
NVRO,2019-12-24,$116.65
NVRO,2019-12-23,$116.86
NVRO,2019-12-20,$114.32
NVRO,2019-12-19,$111.50
NVRO,2019-12-18,$110.21
NVRO,2019-12-17,$110.98
NVRO,2019-12-16,$112.21
NVRO,2019-12-13,$109.45
NVRO,2019-12-12,$107.55
NVRO,2019-12-11,$108.14
NVRO,2019-12-10,$109.54
NVRO,2019-12-09,$111.04
NVRO,2019-12-06,$113.14
NVRO,2019-12-05,$113.35
NVRO,2019-12-04,$112.84
NVRO,2019-12-03,$112.60
NVRO,2019-12-02,$111.77
NVRO,2019-11-29,$111.78
NVRO,2019-11-27,$112.64
NVRO,2019-11-26,$111.34
NVRO,2019-11-25,$112.25
NVRO,2019-11-22,$107.64
NVRO,2019-11-21,$106.94
NVRO,2019-11-20,$106.94
NVRO,2019-11-19,$104.75
NVRO,2019-11-18,$104.63
NVRO,2019-11-15,$105.19
NVRO,2019-11-14,$104.98
NVRO,2019-11-13,$106.24
NVRO,2019-11-12,$104.05
NVRO,2019-11-11,$104.07
NVRO,2019-11-08,$105.59
NVRO,2019-11-07,$103.38
NVRO,2019-11-06,$85.25
NVRO,2019-11-05,$87.00
NVRO,2019-11-04,$87.63
NVRO,2019-11-01,$86.63
NVRO,2019-10-31,$86.20
NVRO,2019-10-30,$83.49
NVRO,2019-10-29,$85.03
NVRO,2019-10-28,$87.06
NVRO,2019-10-25,$85.96
NVRO,2019-10-24,$84.28
NVRO,2019-10-23,$84.99
NVRO,2019-10-22,$82.31
NVRO,2019-10-21,$85.92
NVRO,2019-10-18,$85.00
NVRO,2019-10-17,$85.41
NVRO,2019-10-16,$82.95
NVRO,2019-10-15,$84.29
NVRO,2019-10-14,$81.06
NVRO,2019-10-11,$81.55
NVRO,2019-10-10,$78.83
NVRO,2019-10-09,$76.45
NVRO,2019-10-08,$76.41
NVRO,2019-10-07,$80.82
NVRO,2019-10-04,$84.78
NVRO,2019-10-03,$83.17
NVRO,2019-10-02,$80.58
NVRO,2019-10-01,$83.14
NVRO,2019-09-30,$85.97
NVRO,2019-09-27,$84.41
NVRO,2019-09-26,$85.26
NVRO,2019-09-25,$87.67
NVRO,2019-09-24,$87.81
NVRO,2019-09-23,$88.57
NVRO,2019-09-20,$89.91
NVRO,2019-09-19,$89.31
NVRO,2019-09-18,$88.50
NVRO,2019-09-17,$89.85
NVRO,2019-09-16,$89.20
NVRO,2019-09-13,$89.98
NVRO,2019-09-12,$91.10
NVRO,2019-09-11,$88.77
NVRO,2019-09-10,$85.85
NVRO,2019-09-09,$84.87
NVRO,2019-09-06,$87.21
NVRO,2019-09-05,$85.73
NVRO,2019-09-04,$83.78
NVRO,2019-09-03,$84.28
NVRO,2019-08-30,$83.74
NVRO,2019-08-29,$81.87
NVRO,2019-08-28,$82.32
NVRO,2019-08-27,$82.01
NVRO,2019-08-26,$83.85
NVRO,2019-08-23,$82.42
NVRO,2019-08-22,$85.16
NVRO,2019-08-21,$85.02
NVRO,2019-08-20,$83.00
NVRO,2019-08-19,$80.84
NVRO,2019-08-16,$80.76
NVRO,2019-08-15,$80.79
NVRO,2019-08-14,$82.83
NVRO,2019-08-13,$81.04
NVRO,2019-08-12,$80.14
NVRO,2019-08-09,$74.46
NVRO,2019-08-08,$63.34
NVRO,2019-08-07,$61.75
NVRO,2019-08-06,$62.11
NVRO,2019-08-05,$61.81
NVRO,2019-08-02,$64.57
NVRO,2019-08-01,$66.34
NVRO,2019-07-31,$66.86
NVRO,2019-07-30,$67.37
NVRO,2019-07-29,$64.87
NVRO,2019-07-26,$65.41
NVRO,2019-07-25,$64.44
NVRO,2019-07-24,$63.33
NVRO,2019-07-23,$63.02
NVRO,2019-07-22,$61.52
NVRO,2019-07-19,$61.66
NVRO,2019-07-18,$63.26
NVRO,2019-07-17,$62.13
NVRO,2019-07-16,$63.59
NVRO,2019-07-15,$64.95
NVRO,2019-07-12,$64.34
NVRO,2019-07-11,$64.27
NVRO,2019-07-10,$63.53
NVRO,2019-07-09,$62.43
NVRO,2019-07-08,$63.08
NVRO,2019-07-05,$63.53
NVRO,2019-07-03,$63.25
NVRO,2019-07-02,$63.01
NVRO,2019-07-01,$65.09
NVRO,2019-06-28,$64.83
NVRO,2019-06-27,$64.87
NVRO,2019-06-26,$63.38
NVRO,2019-06-25,$64.32
NVRO,2019-06-24,$64.04
NVRO,2019-06-21,$64.03
NVRO,2019-06-20,$63.99
NVRO,2019-06-19,$64.40
NVRO,2019-06-18,$63.50
NVRO,2019-06-17,$63.70
NVRO,2019-06-14,$62.90
NVRO,2019-06-13,$63.49
NVRO,2019-06-12,$63.02
NVRO,2019-06-11,$62.64
NVRO,2019-06-10,$62.01
NVRO,2019-06-07,$60.53
NVRO,2019-06-06,$61.14
NVRO,2019-06-05,$60.60
NVRO,2019-06-04,$60.60
NVRO,2019-06-03,$58.08
NVRO,2019-05-31,$59.11
NVRO,2019-05-30,$59.21
NVRO,2019-05-29,$58.68
NVRO,2019-05-28,$58.38
NVRO,2019-05-24,$59.05
NVRO,2019-05-23,$58.31
NVRO,2019-05-22,$59.32
NVRO,2019-05-21,$60.49
NVRO,2019-05-20,$60.06
NVRO,2019-05-17,$62.23
NVRO,2019-05-16,$63.24
NVRO,2019-05-15,$62.26
NVRO,2019-05-14,$58.34
NVRO,2019-05-13,$58.04
NVRO,2019-05-10,$60.20
NVRO,2019-05-09,$62.76
NVRO,2019-05-08,$62.86
NVRO,2019-05-07,$60.60
NVRO,2019-05-06,$61.14
NVRO,2019-05-03,$61.26
NVRO,2019-05-02,$59.92
NVRO,2019-05-01,$60.47
NVRO,2019-04-30,$61.71
NVRO,2019-04-29,$62.25
NVRO,2019-04-26,$61.80
NVRO,2019-04-25,$62.45
NVRO,2019-04-24,$61.18
NVRO,2019-04-23,$64.11
NVRO,2019-04-22,$64.46
NVRO,2019-04-18,$65.58
NVRO,2019-04-17,$65.69
NVRO,2019-04-16,$66.82
NVRO,2019-04-15,$66.99
NVRO,2019-04-12,$66.16
NVRO,2019-04-11,$65.20
NVRO,2019-04-10,$65.39
NVRO,2019-04-09,$63.89
NVRO,2019-04-08,$62.61
NVRO,2019-04-05,$64.17
NVRO,2019-04-04,$63.37
NVRO,2019-04-03,$62.86
NVRO,2019-04-02,$61.77
NVRO,2019-04-01,$62.16
NVRO,2019-03-29,$62.51
NVRO,2019-03-28,$61.58
NVRO,2019-03-27,$61.98
NVRO,2019-03-26,$62.62
NVRO,2019-03-25,$62.60
NVRO,2019-03-22,$62.05
NVRO,2019-03-21,$61.76
NVRO,2019-03-20,$60.74
NVRO,2019-03-19,$44.77
NVRO,2019-03-18,$44.40
NVRO,2019-03-15,$43.69
NVRO,2019-03-14,$43.25
NVRO,2019-03-13,$43.85
NVRO,2019-03-12,$44.38
NVRO,2019-03-11,$44.17
NVRO,2019-03-08,$43.67
NVRO,2019-03-07,$44.42
NVRO,2019-03-06,$45.30
NVRO,2019-03-05,$46.90
NVRO,2019-03-04,$46.63
NVRO,2019-03-01,$46.20
NVRO,2019-02-28,$46.07
NVRO,2019-02-27,$45.40
NVRO,2019-02-26,$45.28
NVRO,2019-02-25,$44.13
NVRO,2019-02-22,$43.01
NVRO,2019-02-21,$47.38
NVRO,2019-02-20,$48.44
NVRO,2019-02-19,$47.30
NVRO,2019-02-15,$48.49
NVRO,2019-02-14,$48.95
NVRO,2019-02-13,$49.49
NVRO,2019-02-12,$49.42
NVRO,2019-02-11,$48.46
NVRO,2019-02-08,$47.00
NVRO,2019-02-07,$47.75
NVRO,2019-02-06,$48.36
NVRO,2019-02-05,$48.21
NVRO,2019-02-04,$48.39
NVRO,2019-02-01,$48.01
NVRO,2019-01-31,$48.56
NVRO,2019-01-30,$48.80
NVRO,2019-01-29,$47.56
NVRO,2019-01-28,$46.38
NVRO,2019-01-25,$47.36
NVRO,2019-01-24,$45.96
NVRO,2019-01-23,$45.46
NVRO,2019-01-22,$45.80
NVRO,2019-01-18,$42.50
NVRO,2019-01-17,$44.04
NVRO,2019-01-16,$41.80
NVRO,2019-01-15,$40.63
NVRO,2019-01-14,$38.70
NVRO,2019-01-11,$39.33
NVRO,2019-01-10,$40.36
NVRO,2019-01-09,$41.85
NVRO,2019-01-08,$39.80
NVRO,2019-01-07,$37.00
NVRO,2019-01-04,$37.42
NVRO,2019-01-03,$35.52
NVRO,2019-01-02,$36.55
NVRO,2018-12-31,$38.89
NVRO,2018-12-28,$38.21
NVRO,2018-12-27,$37.48
NVRO,2018-12-26,$37.30
NVRO,2018-12-24,$35.43
NVRO,2018-12-21,$36.43
NVRO,2018-12-20,$35.69
NVRO,2018-12-19,$36.56
NVRO,2018-12-18,$37.39
NVRO,2018-12-17,$37.82
NVRO,2018-12-14,$39.54
NVRO,2018-12-13,$40.63
NVRO,2018-12-12,$41.67
NVRO,2018-12-11,$41.05
NVRO,2018-12-10,$41.95
NVRO,2018-12-07,$41.45
NVRO,2018-12-06,$42.09
NVRO,2018-12-04,$42.14
NVRO,2018-12-03,$43.52
NVRO,2018-11-30,$41.51
NVRO,2018-11-29,$41.87
NVRO,2018-11-28,$42.25
NVRO,2018-11-27,$42.30
NVRO,2018-11-26,$40.61
NVRO,2018-11-23,$39.48
NVRO,2018-11-21,$39.57
NVRO,2018-11-20,$38.34
NVRO,2018-11-19,$37.67
NVRO,2018-11-16,$40.35
NVRO,2018-11-15,$40.62
NVRO,2018-11-14,$39.23
NVRO,2018-11-13,$39.91
NVRO,2018-11-12,$40.87
NVRO,2018-11-09,$41.92
NVRO,2018-11-08,$43.05
NVRO,2018-11-07,$41.60
NVRO,2018-11-06,$38.15
NVRO,2018-11-05,$45.88
NVRO,2018-11-02,$47.69
NVRO,2018-11-01,$49.40
NVRO,2018-10-31,$48.76
NVRO,2018-10-30,$48.61
NVRO,2018-10-29,$46.78
NVRO,2018-10-26,$47.90
NVRO,2018-10-25,$48.49
NVRO,2018-10-24,$47.50
NVRO,2018-10-23,$49.60
NVRO,2018-10-22,$49.19
NVRO,2018-10-19,$50.30
NVRO,2018-10-18,$53.87
NVRO,2018-10-17,$55.18
NVRO,2018-10-16,$55.09
NVRO,2018-10-15,$53.08
NVRO,2018-10-12,$52.86
NVRO,2018-10-11,$51.37
NVRO,2018-10-10,$49.64
NVRO,2018-10-09,$51.77
NVRO,2018-10-08,$52.56
NVRO,2018-10-05,$53.01
NVRO,2018-10-04,$51.83
NVRO,2018-10-03,$54.22
NVRO,2018-10-02,$55.36
NVRO,2018-10-01,$56.29
NVRO,2018-09-28,$57.00
NVRO,2018-09-27,$57.43
NVRO,2018-09-26,$57.86
NVRO,2018-09-25,$59.04
NVRO,2018-09-24,$58.90
NVRO,2018-09-21,$59.23
NVRO,2018-09-20,$59.38
NVRO,2018-09-19,$58.48
NVRO,2018-09-18,$58.02
NVRO,2018-09-17,$57.56
NVRO,2018-09-14,$58.67
NVRO,2018-09-13,$61.38
NVRO,2018-09-12,$62.55
NVRO,2018-09-11,$64.85
NVRO,2018-09-10,$65.77
NVRO,2018-09-07,$65.53
NVRO,2018-09-06,$65.92
NVRO,2018-09-05,$67.42
NVRO,2018-09-04,$66.11
NVRO,2018-08-31,$67.42
NVRO,2018-08-30,$65.77
NVRO,2018-08-29,$67.37
NVRO,2018-08-28,$67.20
NVRO,2018-08-27,$65.85
NVRO,2018-08-24,$65.98
NVRO,2018-08-23,$65.04
NVRO,2018-08-22,$64.19
NVRO,2018-08-21,$61.03
NVRO,2018-08-20,$61.24
NVRO,2018-08-17,$62.00
NVRO,2018-08-16,$62.31
NVRO,2018-08-15,$62.02
NVRO,2018-08-14,$63.65
NVRO,2018-08-13,$63.63
NVRO,2018-08-10,$64.23
NVRO,2018-08-09,$63.51
NVRO,2018-08-08,$63.23
NVRO,2018-08-07,$64.10
NVRO,2018-08-06,$63.12
NVRO,2018-08-03,$58.94
NVRO,2018-08-02,$59.55
NVRO,2018-08-01,$58.40
NVRO,2018-07-31,$56.26
NVRO,2018-07-30,$56.14
NVRO,2018-07-27,$55.86
NVRO,2018-07-26,$58.01
NVRO,2018-07-25,$60.01
NVRO,2018-07-24,$44.22
NVRO,2018-07-23,$60.00
NVRO,2018-07-20,$59.43
NVRO,2018-07-19,$58.90
NVRO,2018-07-18,$60.12
NVRO,2018-07-17,$60.15
NVRO,2018-07-16,$58.71
NVRO,2018-07-13,$57.77
NVRO,2018-07-12,$68.04
NVRO,2018-07-11,$67.20
NVRO,2018-07-10,$64.04
NVRO,2018-07-09,$75.47
NVRO,2018-07-06,$74.86
NVRO,2018-07-05,$74.00
NVRO,2018-07-03,$74.58
NVRO,2018-07-02,$73.23
NVRO,2018-06-29,$79.85
NVRO,2018-06-28,$78.85
NVRO,2018-06-27,$78.02
NVRO,2018-06-26,$82.07
NVRO,2018-06-25,$80.14
NVRO,2018-06-22,$83.13
NVRO,2018-06-21,$83.03
NVRO,2018-06-20,$85.11
NVRO,2018-06-19,$84.54
NVRO,2018-06-18,$83.70
NVRO,2018-06-15,$83.60
NVRO,2018-06-14,$84.35
NVRO,2018-06-13,$82.09
NVRO,2018-06-12,$80.27
NVRO,2018-06-11,$78.81
NVRO,2018-06-08,$78.20
NVRO,2018-06-07,$75.93
NVRO,2018-06-06,$77.20
NVRO,2018-06-05,$76.99
NVRO,2018-06-04,$76.88
NVRO,2018-06-01,$77.44
NVRO,2018-05-31,$78.69
NVRO,2018-05-30,$78.49
NVRO,2018-05-29,$78.31
NVRO,2018-05-25,$75.67
NVRO,2018-05-24,$73.68
NVRO,2018-05-23,$74.11
NVRO,2018-05-22,$72.38
NVRO,2018-05-21,$72.64
NVRO,2018-05-18,$73.07
NVRO,2018-05-17,$74.27
NVRO,2018-05-16,$74.89
NVRO,2018-05-15,$78.25
NVRO,2018-05-14,$76.51
NVRO,2018-05-11,$76.70
NVRO,2018-05-10,$77.60
NVRO,2018-05-09,$75.63
NVRO,2018-05-08,$77.59
NVRO,2018-05-07,$92.26
NVRO,2018-05-04,$92.50
NVRO,2018-05-03,$90.49
NVRO,2018-05-02,$90.91
NVRO,2018-05-01,$90.60
NVRO,2018-04-30,$89.36
NVRO,2018-04-27,$90.82
NVRO,2018-04-26,$88.06
NVRO,2018-04-25,$87.72
NVRO,2018-04-24,$88.79
NVRO,2018-04-23,$89.52
NVRO,2018-04-20,$90.76
NVRO,2018-04-19,$91.55
NVRO,2018-04-18,$92.19
NVRO,2018-04-17,$92.37
NVRO,2018-04-16,$91.24
NVRO,2018-04-13,$90.04
NVRO,2018-04-12,$89.43
NVRO,2018-04-11,$89.00
NVRO,2018-04-10,$89.49
NVRO,2018-04-09,$88.88
NVRO,2018-04-06,$86.52
NVRO,2018-04-05,$88.69
NVRO,2018-04-04,$87.67
NVRO,2018-04-03,$86.90
NVRO,2018-04-02,$84.47
NVRO,2018-03-29,$86.67
NVRO,2018-03-28,$86.21
NVRO,2018-03-27,$87.31
NVRO,2018-03-26,$88.57
NVRO,2018-03-23,$86.00
NVRO,2018-03-22,$85.37
NVRO,2018-03-21,$86.11
NVRO,2018-03-20,$85.64
NVRO,2018-03-19,$86.08
NVRO,2018-03-16,$88.32
NVRO,2018-03-15,$87.74
NVRO,2018-03-14,$86.68
NVRO,2018-03-13,$86.81
NVRO,2018-03-12,$86.82
NVRO,2018-03-09,$86.13
NVRO,2018-03-08,$83.63
NVRO,2018-03-07,$82.73
NVRO,2018-03-06,$80.65
NVRO,2018-03-05,$80.12
NVRO,2018-03-02,$78.96
NVRO,2018-03-01,$79.52
NVRO,2018-02-28,$81.12
NVRO,2018-02-27,$82.77
NVRO,2018-02-26,$84.35
NVRO,2018-02-23,$83.78
NVRO,2018-02-22,$79.65
NVRO,2018-02-21,$82.35
NVRO,2018-02-20,$79.95
NVRO,2018-02-16,$80.10
NVRO,2018-02-15,$79.80
NVRO,2018-02-14,$77.30
NVRO,2018-02-13,$75.99
NVRO,2018-02-12,$75.56
NVRO,2018-02-09,$75.34
NVRO,2018-02-08,$73.72
NVRO,2018-02-07,$77.01
NVRO,2018-02-06,$77.07
NVRO,2018-02-05,$75.00
NVRO,2018-02-02,$79.52
NVRO,2018-02-01,$79.62
NVRO,2018-01-31,$80.26
NVRO,2018-01-30,$80.18
NVRO,2018-01-29,$82.12
NVRO,2018-01-26,$81.41
NVRO,2018-01-25,$82.62
NVRO,2018-01-24,$79.91
NVRO,2018-01-23,$81.35
NVRO,2018-01-22,$80.30
NVRO,2018-01-19,$78.30
NVRO,2018-01-18,$77.40
NVRO,2018-01-17,$77.89
NVRO,2018-01-16,$79.75
NVRO,2018-01-12,$78.56
NVRO,2018-01-11,$78.09
NVRO,2018-01-10,$78.64
NVRO,2018-01-09,$77.87
NVRO,2018-01-08,$81.33
NVRO,2018-01-05,$71.09
NVRO,2018-01-04,$71.18
NVRO,2018-01-03,$71.17
NVRO,2018-01-02,$69.46
NVRO,2017-12-29,$69.04
NVRO,2017-12-28,$70.72
NVRO,2017-12-27,$69.88
NVRO,2017-12-26,$68.47
NVRO,2017-12-22,$70.98
NVRO,2017-12-21,$70.80
NVRO,2017-12-20,$71.79
NVRO,2017-12-19,$72.26
NVRO,2017-12-18,$70.86
NVRO,2017-12-15,$70.35
NVRO,2017-12-14,$70.50
NVRO,2017-12-13,$68.20
NVRO,2017-12-12,$66.26
NVRO,2017-12-11,$65.94
NVRO,2017-12-08,$66.41
NVRO,2017-12-07,$68.01
NVRO,2017-12-06,$66.83
NVRO,2017-12-05,$68.98
NVRO,2017-12-04,$71.01
NVRO,2017-12-01,$74.00
NVRO,2017-11-30,$74.82
NVRO,2017-11-29,$75.66
NVRO,2017-11-28,$74.51
NVRO,2017-11-27,$75.23
NVRO,2017-11-24,$75.85
NVRO,2017-11-22,$78.06
NVRO,2017-11-21,$76.83
NVRO,2017-11-20,$79.28
NVRO,2017-11-17,$80.71
NVRO,2017-11-16,$78.77
NVRO,2017-11-15,$76.67
NVRO,2017-11-14,$76.81
NVRO,2017-11-13,$75.00
NVRO,2017-11-10,$74.77
NVRO,2017-11-09,$77.49
NVRO,2017-11-08,$78.06
NVRO,2017-11-07,$79.82
NVRO,2017-11-06,$88.23
NVRO,2017-11-03,$84.47
NVRO,2017-11-02,$85.32
NVRO,2017-11-01,$88.99
NVRO,2017-10-31,$87.58
NVRO,2017-10-30,$86.51
NVRO,2017-10-27,$87.15
NVRO,2017-10-26,$87.65
NVRO,2017-10-25,$88.47
NVRO,2017-10-24,$90.54
NVRO,2017-10-23,$91.48
NVRO,2017-10-20,$91.49
NVRO,2017-10-19,$91.10
NVRO,2017-10-18,$90.65
NVRO,2017-10-17,$90.44
NVRO,2017-10-16,$90.35
NVRO,2017-10-13,$93.08
NVRO,2017-10-12,$92.75
NVRO,2017-10-11,$92.82
NVRO,2017-10-10,$92.20
NVRO,2017-10-09,$92.24
NVRO,2017-10-06,$92.20
NVRO,2017-10-05,$93.31
NVRO,2017-10-04,$91.73
NVRO,2017-10-03,$90.42
NVRO,2017-10-02,$90.77
NVRO,2017-09-29,$90.88
NVRO,2017-09-28,$88.91
NVRO,2017-09-27,$91.00
NVRO,2017-09-26,$88.00
NVRO,2017-09-25,$88.46
NVRO,2017-09-22,$87.70
NVRO,2017-09-21,$86.26
NVRO,2017-09-20,$87.83
NVRO,2017-09-19,$87.59
NVRO,2017-09-18,$87.35
NVRO,2017-09-15,$87.88
NVRO,2017-09-14,$88.84
NVRO,2017-09-13,$91.26
NVRO,2017-09-12,$88.77
NVRO,2017-09-11,$88.08
NVRO,2017-09-08,$88.35
NVRO,2017-09-07,$86.46
NVRO,2017-09-06,$84.71
NVRO,2017-09-05,$85.45
NVRO,2017-09-01,$85.19
NVRO,2017-08-31,$86.18
NVRO,2017-08-30,$86.28
NVRO,2017-08-29,$87.49
NVRO,2017-08-28,$87.96
NVRO,2017-08-25,$86.76
NVRO,2017-08-24,$86.36
NVRO,2017-08-23,$86.00
NVRO,2017-08-22,$86.49
NVRO,2017-08-21,$84.89
NVRO,2017-08-18,$84.01
NVRO,2017-08-17,$83.74
NVRO,2017-08-16,$83.31
NVRO,2017-08-15,$82.44
NVRO,2017-08-14,$82.34
NVRO,2017-08-11,$81.90
NVRO,2017-08-10,$80.87
NVRO,2017-08-09,$84.03
NVRO,2017-08-08,$86.63
NVRO,2017-08-07,$82.66
NVRO,2017-08-04,$83.21
NVRO,2017-08-03,$82.38
NVRO,2017-08-02,$82.00
NVRO,2017-08-01,$83.50
NVRO,2017-07-31,$86.06
NVRO,2017-07-28,$85.92
NVRO,2017-07-27,$86.57
NVRO,2017-07-26,$87.86
NVRO,2017-07-25,$87.35
NVRO,2017-07-24,$86.96
NVRO,2017-07-21,$86.33
NVRO,2017-07-20,$86.86
NVRO,2017-07-19,$87.16
NVRO,2017-07-18,$86.94
NVRO,2017-07-17,$85.80
NVRO,2017-07-14,$85.90
NVRO,2017-07-13,$86.14
NVRO,2017-07-12,$84.07
NVRO,2017-07-11,$82.35
NVRO,2017-07-10,$81.78
NVRO,2017-07-07,$82.63
NVRO,2017-07-06,$80.19
NVRO,2017-07-05,$82.39
NVRO,2017-07-03,$73.94
NVRO,2017-06-30,$74.43
NVRO,2017-06-29,$72.51
NVRO,2017-06-28,$73.14
NVRO,2017-06-27,$71.38
NVRO,2017-06-26,$73.74
NVRO,2017-06-23,$73.84
NVRO,2017-06-22,$72.50
NVRO,2017-06-21,$73.00
NVRO,2017-06-20,$73.63
NVRO,2017-06-19,$76.11
NVRO,2017-06-16,$73.82
NVRO,2017-06-15,$72.01
NVRO,2017-06-14,$72.29
NVRO,2017-06-13,$73.58
NVRO,2017-06-12,$71.23
NVRO,2017-06-09,$69.56
NVRO,2017-06-08,$72.35
NVRO,2017-06-07,$71.35
NVRO,2017-06-06,$73.23
NVRO,2017-06-05,$71.16
NVRO,2017-06-02,$71.43
NVRO,2017-06-01,$69.74
NVRO,2017-05-31,$68.83
NVRO,2017-05-30,$71.00
NVRO,2017-05-26,$73.84
NVRO,2017-05-25,$74.07
NVRO,2017-05-24,$74.11
NVRO,2017-05-23,$73.16
NVRO,2017-05-22,$73.89
NVRO,2017-05-19,$72.98
NVRO,2017-05-18,$77.59
NVRO,2017-05-17,$78.16
NVRO,2017-05-16,$77.80
NVRO,2017-05-15,$74.66
NVRO,2017-05-12,$74.06
NVRO,2017-05-11,$74.58
NVRO,2017-05-10,$78.14
NVRO,2017-05-09,$75.53
NVRO,2017-05-08,$86.30
NVRO,2017-05-05,$90.77
NVRO,2017-05-04,$90.60
NVRO,2017-05-03,$92.96
NVRO,2017-05-02,$96.90
NVRO,2017-05-01,$96.24
NVRO,2017-04-28,$94.22
NVRO,2017-04-27,$93.02
NVRO,2017-04-26,$88.76
NVRO,2017-04-25,$87.86
NVRO,2017-04-24,$86.81
NVRO,2017-04-21,$85.22
NVRO,2017-04-20,$87.70
NVRO,2017-04-19,$87.33
NVRO,2017-04-18,$87.08
NVRO,2017-04-17,$88.55
NVRO,2017-04-13,$87.50
NVRO,2017-04-12,$87.55
NVRO,2017-04-11,$89.66
NVRO,2017-04-10,$89.96
NVRO,2017-04-07,$91.32
NVRO,2017-04-06,$91.40
NVRO,2017-04-05,$92.70
NVRO,2017-04-04,$93.06
NVRO,2017-04-03,$95.15
NVRO,2017-03-31,$93.70
NVRO,2017-03-30,$92.94
NVRO,2017-03-29,$93.61
NVRO,2017-03-28,$94.09
NVRO,2017-03-27,$95.02
NVRO,2017-03-24,$93.68
NVRO,2017-03-23,$91.49
NVRO,2017-03-22,$91.68
NVRO,2017-03-21,$92.21
NVRO,2017-03-20,$92.94
NVRO,2017-03-17,$94.02
NVRO,2017-03-16,$92.73
NVRO,2017-03-15,$93.14
NVRO,2017-03-14,$91.65
NVRO,2017-03-13,$92.78
NVRO,2017-03-10,$93.72
NVRO,2017-03-09,$92.09
NVRO,2017-03-08,$91.00
NVRO,2017-03-07,$91.83
NVRO,2017-03-06,$90.62
NVRO,2017-03-03,$94.75
NVRO,2017-03-02,$94.62
NVRO,2017-03-01,$94.87
NVRO,2017-02-28,$95.99
NVRO,2017-02-27,$99.19
NVRO,2017-02-24,$98.97
NVRO,2017-02-23,$94.25
NVRO,2017-02-22,$96.51
NVRO,2017-02-21,$96.88
NVRO,2017-02-17,$96.33
NVRO,2017-02-16,$93.95
NVRO,2017-02-15,$94.05
NVRO,2017-02-14,$93.29
NVRO,2017-02-13,$93.75
NVRO,2017-02-10,$93.51
NVRO,2017-02-09,$93.80
NVRO,2017-02-08,$93.76
NVRO,2017-02-07,$94.36
NVRO,2017-02-06,$93.33
NVRO,2017-02-03,$93.22
NVRO,2017-02-02,$92.91
NVRO,2017-02-01,$87.59
NVRO,2017-01-31,$87.02
NVRO,2017-01-30,$85.35
NVRO,2017-01-27,$83.70
NVRO,2017-01-26,$83.47
NVRO,2017-01-25,$85.94
NVRO,2017-01-24,$85.52
NVRO,2017-01-23,$87.18
NVRO,2017-01-20,$87.47
NVRO,2017-01-19,$88.41
NVRO,2017-01-18,$89.12
NVRO,2017-01-17,$88.88
NVRO,2017-01-13,$87.97
NVRO,2017-01-12,$85.85
NVRO,2017-01-11,$83.54
NVRO,2017-01-10,$82.93
NVRO,2017-01-09,$81.45
NVRO,2017-01-06,$78.36
NVRO,2017-01-05,$77.52
NVRO,2017-01-04,$76.45
NVRO,2017-01-03,$75.17
NVRO,2016-12-30,$72.66
NVRO,2016-12-29,$72.77
NVRO,2016-12-28,$70.98
NVRO,2016-12-27,$71.39
NVRO,2016-12-23,$70.98
NVRO,2016-12-22,$70.59
NVRO,2016-12-21,$70.41
NVRO,2016-12-20,$71.47
NVRO,2016-12-19,$74.00
NVRO,2016-12-16,$73.67
NVRO,2016-12-15,$74.20
NVRO,2016-12-14,$75.73
NVRO,2016-12-13,$76.75
NVRO,2016-12-12,$75.75
NVRO,2016-12-09,$76.38
NVRO,2016-12-08,$78.26
NVRO,2016-12-07,$78.21
NVRO,2016-12-06,$78.78
NVRO,2016-12-05,$78.08
NVRO,2016-12-02,$75.17
NVRO,2016-12-01,$74.38
NVRO,2016-11-30,$76.03
NVRO,2016-11-29,$80.06
NVRO,2016-11-28,$84.75
NVRO,2016-11-25,$86.20
NVRO,2016-11-23,$87.52
NVRO,2016-11-22,$86.53
NVRO,2016-11-21,$86.92
NVRO,2016-11-18,$89.55
NVRO,2016-11-17,$88.29
NVRO,2016-11-16,$87.62
NVRO,2016-11-15,$87.70
NVRO,2016-11-14,$84.11
NVRO,2016-11-11,$86.98
NVRO,2016-11-10,$83.79
NVRO,2016-11-09,$82.62
NVRO,2016-11-08,$84.24
NVRO,2016-11-07,$89.12
NVRO,2016-11-04,$88.32
NVRO,2016-11-03,$82.52
NVRO,2016-11-02,$83.17
NVRO,2016-11-01,$90.83
NVRO,2016-10-31,$91.92
NVRO,2016-10-28,$90.63
NVRO,2016-10-27,$88.29
NVRO,2016-10-26,$90.83
NVRO,2016-10-25,$98.31
NVRO,2016-10-24,$100.14
NVRO,2016-10-21,$98.22
NVRO,2016-10-20,$99.12
NVRO,2016-10-19,$99.57
NVRO,2016-10-18,$98.90
NVRO,2016-10-17,$98.02
NVRO,2016-10-14,$98.90
NVRO,2016-10-13,$99.07
NVRO,2016-10-12,$98.49
NVRO,2016-10-11,$96.42
NVRO,2016-10-10,$100.42
NVRO,2016-10-07,$94.15
NVRO,2016-10-06,$96.08
NVRO,2016-10-05,$97.92
NVRO,2016-10-04,$98.14
NVRO,2016-10-03,$101.92
NVRO,2016-09-30,$104.39
NVRO,2016-09-29,$102.55
NVRO,2016-09-28,$104.02
NVRO,2016-09-27,$104.94
NVRO,2016-09-26,$102.92
NVRO,2016-09-23,$102.00
NVRO,2016-09-22,$100.76
NVRO,2016-09-21,$98.37
NVRO,2016-09-20,$95.95
NVRO,2016-09-19,$95.95
NVRO,2016-09-16,$95.66
NVRO,2016-09-15,$94.93
NVRO,2016-09-14,$92.37
NVRO,2016-09-13,$92.23
NVRO,2016-09-12,$95.97
NVRO,2016-09-09,$92.37
NVRO,2016-09-08,$98.53
NVRO,2016-09-07,$98.61
NVRO,2016-09-06,$98.60
NVRO,2016-09-02,$95.91
NVRO,2016-09-01,$96.02
NVRO,2016-08-31,$94.43
NVRO,2016-08-30,$95.12
NVRO,2016-08-29,$95.96
NVRO,2016-08-26,$96.40
NVRO,2016-08-25,$94.37
NVRO,2016-08-24,$94.55
NVRO,2016-08-23,$97.92
NVRO,2016-08-22,$99.73
NVRO,2016-08-19,$97.96
NVRO,2016-08-18,$97.91
NVRO,2016-08-17,$96.22
NVRO,2016-08-16,$95.65
NVRO,2016-08-15,$97.52
NVRO,2016-08-12,$97.89
NVRO,2016-08-11,$97.20
NVRO,2016-08-10,$95.33
NVRO,2016-08-09,$94.56
NVRO,2016-08-08,$80.94
NVRO,2016-08-05,$80.53
NVRO,2016-08-04,$82.08
NVRO,2016-08-03,$82.02
NVRO,2016-08-02,$80.93
NVRO,2016-08-01,$82.34
NVRO,2016-07-29,$82.70
NVRO,2016-07-28,$81.65
NVRO,2016-07-27,$81.34
NVRO,2016-07-26,$81.26
NVRO,2016-07-25,$80.13
NVRO,2016-07-22,$80.64
NVRO,2016-07-21,$80.00
NVRO,2016-07-20,$80.21
NVRO,2016-07-19,$80.54
NVRO,2016-07-18,$80.01
NVRO,2016-07-15,$80.46
NVRO,2016-07-14,$79.89
NVRO,2016-07-13,$79.35
NVRO,2016-07-12,$77.16
NVRO,2016-07-11,$79.54
NVRO,2016-07-08,$78.26
NVRO,2016-07-07,$77.92
NVRO,2016-07-06,$76.12
NVRO,2016-07-05,$75.78
NVRO,2016-07-01,$76.32
NVRO,2016-06-30,$73.76
NVRO,2016-06-29,$71.69
NVRO,2016-06-28,$69.87
NVRO,2016-06-27,$67.98
NVRO,2016-06-24,$70.48
NVRO,2016-06-23,$74.10
NVRO,2016-06-22,$70.03
NVRO,2016-06-21,$72.02
NVRO,2016-06-20,$73.03
NVRO,2016-06-17,$71.40
NVRO,2016-06-16,$72.27
NVRO,2016-06-15,$73.06
NVRO,2016-06-14,$73.49
NVRO,2016-06-13,$71.98
NVRO,2016-06-10,$72.83
NVRO,2016-06-09,$75.72
NVRO,2016-06-08,$76.71
NVRO,2016-06-07,$72.73
NVRO,2016-06-06,$73.43
NVRO,2016-06-03,$72.97
NVRO,2016-06-02,$73.42
NVRO,2016-06-01,$72.80
NVRO,2016-05-31,$69.72
NVRO,2016-05-27,$69.86
NVRO,2016-05-26,$67.66
NVRO,2016-05-25,$67.27
NVRO,2016-05-24,$67.92
NVRO,2016-05-23,$65.11
NVRO,2016-05-20,$64.88
NVRO,2016-05-19,$63.63
NVRO,2016-05-18,$63.39
NVRO,2016-05-17,$63.41
NVRO,2016-05-16,$64.97
NVRO,2016-05-13,$63.38
NVRO,2016-05-12,$64.18
NVRO,2016-05-11,$65.53
NVRO,2016-05-10,$68.36
NVRO,2016-05-09,$64.85
NVRO,2016-05-06,$62.46
NVRO,2016-05-05,$63.49
NVRO,2016-05-04,$63.74
NVRO,2016-05-03,$65.54
NVRO,2016-05-02,$67.91
NVRO,2016-04-29,$67.25
NVRO,2016-04-28,$67.25
NVRO,2016-04-27,$68.21
NVRO,2016-04-26,$68.50
NVRO,2016-04-25,$68.89
NVRO,2016-04-22,$66.73
NVRO,2016-04-21,$66.95
NVRO,2016-04-20,$67.49
NVRO,2016-04-19,$68.50
NVRO,2016-04-18,$68.89
NVRO,2016-04-15,$68.32
NVRO,2016-04-14,$65.14
NVRO,2016-04-13,$64.99
NVRO,2016-04-12,$61.70
NVRO,2016-04-11,$59.77
NVRO,2016-04-08,$61.09
NVRO,2016-04-07,$62.32
NVRO,2016-04-06,$63.70
NVRO,2016-04-05,$61.53
NVRO,2016-04-04,$62.36
NVRO,2016-04-01,$60.92
NVRO,2016-03-31,$56.26
NVRO,2016-03-30,$55.84
NVRO,2016-03-29,$56.53
NVRO,2016-03-28,$54.41
NVRO,2016-03-24,$54.16
NVRO,2016-03-23,$55.50
NVRO,2016-03-22,$55.14
NVRO,2016-03-21,$54.21
NVRO,2016-03-18,$55.13
NVRO,2016-03-17,$53.30
NVRO,2016-03-16,$53.68
NVRO,2016-03-15,$56.65
NVRO,2016-03-14,$57.89
NVRO,2016-03-11,$56.86
NVRO,2016-03-10,$54.71
NVRO,2016-03-09,$54.50
NVRO,2016-03-08,$55.78
NVRO,2016-03-07,$58.50
NVRO,2016-03-04,$57.70
NVRO,2016-03-03,$56.82
NVRO,2016-03-02,$57.40
NVRO,2016-03-01,$56.81
NVRO,2016-02-29,$57.60
NVRO,2016-02-26,$58.46
NVRO,2016-02-25,$58.96
NVRO,2016-02-24,$59.31
NVRO,2016-02-23,$56.91
NVRO,2016-02-22,$57.33
NVRO,2016-02-19,$57.05
NVRO,2016-02-18,$54.92
NVRO,2016-02-17,$55.08
NVRO,2016-02-16,$53.24
NVRO,2016-02-12,$48.34
NVRO,2016-02-11,$48.78
NVRO,2016-02-10,$49.48
NVRO,2016-02-09,$48.91
NVRO,2016-02-08,$50.10
NVRO,2016-02-05,$55.18
NVRO,2016-02-04,$65.00
NVRO,2016-02-03,$63.32
NVRO,2016-02-02,$64.02
NVRO,2016-02-01,$63.29
NVRO,2016-01-29,$61.79
NVRO,2016-01-28,$59.09
NVRO,2016-01-27,$61.78
NVRO,2016-01-26,$66.00
NVRO,2016-01-25,$68.15
NVRO,2016-01-22,$68.69
NVRO,2016-01-21,$65.21
NVRO,2016-01-20,$64.00
NVRO,2016-01-19,$64.19
NVRO,2016-01-15,$65.45
NVRO,2016-01-14,$66.42
NVRO,2016-01-13,$66.66
NVRO,2016-01-12,$71.02
NVRO,2016-01-11,$68.50
NVRO,2016-01-08,$64.68
NVRO,2016-01-07,$66.09
NVRO,2016-01-06,$65.99
NVRO,2016-01-05,$65.51
